rhs =[
0.00000000000000000000
0.00000000000000000000
0.00772052798035018431
0.00042630016964048195
-0.00000064513456471672
0.00000000000000000000
0.00000000000000000000
0.00126519974432872046
0.00000000000000000000
-0.00730111757483662815
-0.00011096648106650251
0.01077648693042497149
0.00000000000000000000
0.00000000000000000000
-0.00336128658596784261
0.54430395543681675541
0.03432354516343114753
0.00783892217887986222
-0.00318927413599492992
-0.05707813755822695179
-2.27907894272973488015
-0.07907112452495435040
-0.57588559570398278886
-0.12825585557616600574
-19.46824321547017788703
-2.32829780556677556902
-3.15588949187876721680
10.29515305490594911930
34.55381404923097932169
8.75348640643643705062
-1.91785925380939570317
-0.13801363273797870312
0.14772420642904260379
0.29924904233570392975
1.95247234636225686089
106.13107602071713131409
184.74425061054520824655
57.55550992300874213470
3.38936917860976594241
-24.53070836892358741466
-21.86076349666511120517
-22.50740160960761926390
-11.54565274017782705585
-16.94404750336346054951
131.75896096036333915436
270.39070528768178292012
-19.46824321547018143974
-21.86076349666510409975
33.86595974508188788832
57.55550992300870660756
44.75880051456432795476
-16.94404750336344989137
187.36654940177129446965
270.39070528768138501619
333.04954622333468705619
0.85373236080857328734
-23.45013729563833138059
-7.65922356157240891150
0.23186663956869341119
-0.58084222948117758545
-0.01985202289067585293
-0.11637353453236773393
0.00000000000000000000
-0.00010395734682967411
0.00202398017400127724
0.00000000000000000000
-1.38649613120846115777
-0.06435962121836390215
0.00000000000000000000
0.00677659127140963890
-0.00101740236269707348
0.00000000000000000000
19.12075901457212268042
-0.00352658823894507790
0.11130054566554749285
-0.06723091828252251989
-0.99461488938304010166
-0.61633074332306381216
0.23186663956869377201
-0.06723091828252263091
-0.99461488938304043472
0.00000000000000000000
-0.01254131197348810033
-0.01631687960636634196
0.00000000000000000000
0.00000000000000000000
-0.01254131197348810380
-0.00141884312941153025
0.00000000000000000000
0.00000000000000000000
-0.00352658823894508094
0.00000000000000000000
3.38936917860976549832
0.03432354516343106426
-0.01985202289067585640
-0.58084222948117802954
-0.11637353453236780332
-22.50740160960760860576
-7.65922356157240979968
0.54430395543681631132
-11.54565274017782883220
-3.15588949187876632863
-1.38649613120845982550
-2.27907894272973443606
-2.32829780556678045400
-0.57588559570398323295
0.00772052798035020166
0.00783892217887984487
-0.05707813755822686158
-0.00318927413599493208
0.00000000000000000000
-0.00010395734682967406
0.00000000000000000000
0.00202398017400127160
10.29515305490595800109
34.55381404923096511084
184.74425061054520824655
-0.01631687960636633503
0.00000000000000000000
187.36654940177132289136
-12.55807597748819048888
68.23878939870948556745
36.93699129719990281728
-4.67612051252896065989
-12.55807597748818515981
68.23878939870954241087
16.54869606902067147303
61.62399144368274761518
-2.02933229418831473367
36.93699129719990992271
9.19727285306558073330
2.93462175119996571127
-2.02933229418831384550
2.93462175119996793171
9.19727285306558428601
-0.17473555198524343135
0.27930584830802446250
0.07297781071361980620
-0.61331055583127680464
1.39142523837983711488
2.04610117447883332886
-0.22904583438731573874
0.05331334130961153800
1.07970046171804945345
-0.03214789107404116691
-0.04771432595697743667
0.00781953380846460260
-0.13308505238442103202
-6.90992187996279660922
0.24198155103117799380
2.12418774137220989218
0.14408394379386504913
0.00000000000000000000
-0.00248401966160695115
0.00021736152308721911
0.00000000000000000000
-0.61331055583127569442
-0.10862619977289222906
0.00680858221071404743
-0.00481027871547501980
0.00000000000000000000
0.02281214875874642070
0.03149183786237105126
0.00000000000000000000
-0.17473555198524359788
-0.10862619977289247886
-0.00481027871547500940
0.00680858221071405523
0.00000000000000000000
0.00000000000000000000
0.00213275515138711558
0.00000000000000000000
0.00000000000000000000
0.00000319698940998672
131.75896096036331073265
-1.91785925380939614726
8.75348640643643705062
19.12075901457211912771
1.95247234636225686089
-0.13801363273797878639
0.14772420642904293686
0.29924904233570426282
-0.24349677509066453007
0.66296858947376779980
0.75236313414399880184
6.94178616502386525156
16.54869606902067857845
27.73847422524752204254
37.06129030130646384578
1.39142523837983844714
2.04610117447883510522
0.00000000000000000000
0.03149183786237105820
0.00000000000000000000
0.05331334130961144085
0.02281214875874644499
0.27930584830802451801
-0.03214789107404115998
-0.04771432595697741585
0.07297781071361965355
0.00781953380846460433
-0.13308505238442069896
-0.05063450025488652750
0.14408394379386543771
0.00000000000000000000
-0.00165279045672284391
0.00021519079224820834
0.00000000000000000000
0.00000000000000000000
-0.00248401966160695115
0.00000319698940998633
0.00000000000000000000
0.00000000000000000000
0.00057135619251485407
0.00000000000000000000
-6.90992187996281082007
-0.24349677509066455783
-0.06413231445229723715
0.24198155103117813258
0.66296858947376802185
-0.05887345023689906365
0.00876500996663673489
0.75236313414399935695
0.23167861806736211872
0.00000000000000000000
0.00841511663306992834
0.00000000000000000000
0.00431348331515085063
37.06129030130645674035
27.73847422524753270068
2.12418774137221033627
6.94178616502385992248
-0.02269986344770904066
0.00000000000000000000
0.00605359270930341808
0.00000000000000000000
0.00035698868725946297
0.00422156628324259035
-0.05063450025488654138
0.00000000000000000000
-0.06413231445229748695
0.00057135619251485819
0.00431348331515086537
0.00000000000000000000
0.00841511663306992660
0.00000000000000000000
0.00000000000000000000
0.00021736152308721933
0.00000000000000000000
-0.00730111757483661687
-0.07907112452495443367
-0.12825585557616581145
0.00000000000000000000
0.00000000000000000000
0.00000000000000000000
0.00000000000000000000
-0.00165279045672284174
0.00021519079224820950
0.00000000000000000000
0.00000000000000000000
-0.05887345023689907753
0.00876500996663668284
0.23167861806736206320
0.00000000000000000000
0.00000000000000000000
0.00126519974432872913
0.00000000000000000000
0.00042630016964048499
0.01077648693042497670
-0.00011096648106650246
0.00000000000000000000
-0.06435962121836380501
-0.00101740236269706828
-0.00336128658596783828
0.00000000000000000000
0.00677659127140963890
0.00000000000000000000
-0.02269986344770911005
0.00000000000000000000
0.00422156628324258862
0.00000000000000000000
0.00035698868725946280
0.00605359270930341722
0.00000000000000000000
0.00000000000000000000
0.00000000000000000000
0.00000000000000000000
-0.00000064513456471652
0.00000000000000000000
0.00000000000000000000
0.00000000000000000000
0.01993317186523269405
0.00187781203998849643
-0.00000222637715183234
0.00000000000000000000
0.00000000000000000000
0.00103913603740716999
0.00000000000000000000
0.10439433793528446470
-0.00015881410334170405
0.02767293069209860942
0.00000000000000000000
0.00000000000000000000
0.00346718285651080333
1.28685960511587316191
0.06294131641078953843
0.03080310297989020604
-0.00551794858159880899
-0.13688542030897460355
7.98392365633865885854
-0.19764252061721557241
-2.16249145452907809428
-0.06418622997711277700
-1.02484851903060625311
-24.25821794560622279846
-6.17686379295262266709
-34.61163489117743097268
-105.30063478164537116299
-45.40582681514214868912
2.76859291160204046278
0.42225972286681140444
-0.98546472050336664239
-1.51976189514581117024
-12.10616766539211397458
-0.00000000000000379028
-151.44456427996721004092
-108.10918658601367781102
2.31938893545843560773
0.00000000000000301465
-49.01669005634969522589
-14.17385891748497250830
-15.04070671387757940352
-1.13121671255679379087
-104.87855919208783461727
-106.90235478926584278270
1.02484851903060647516
49.01669005634969522589
0.00000000000000049172
