phi =[
0.00000000000000000000
0.00000000000000000000
-0.00000343142614812053
0.00000115897157842313
-0.00000017655513831639
0.00000000000000000000
0.00000000000000000000
-0.00000045807837274888
0.00000000000000000000
-0.00003040881312196994
0.00000106052774208260
-0.00000890181415534645
0.00000000000000000000
0.00000000000000000000
0.00000135496663560589
-0.00053663178796890072
-0.00007816398189129031
-0.00000549334274895120
-0.00000752178512860534
-0.00002612959788822376
0.00203821010331220465
-0.00003134461205351596
-0.00075131427296954367
0.00001079980430564522
-0.01974190303657603549
-0.00438707012904097915
-0.00326483288222308718
0.12726471095657318489
0.02279267948128535851
0.00716266668372259052
0.00429600711543164527
0.00006644049980539166
-0.00001167746117602423
0.00012684673904750184
0.00252426017941980319
0.43510858759694076570
0.30052139489842621956
0.05830168871228546407
-0.00146355057741843716
-0.07838647712764520992
-0.05072719430574342686
-0.03046595375507001394
-0.01242651192735925308
0.08240222613090218695
0.16560728139061356434
0.38844995034199969464
-0.01974190303657600773
-0.05072719430574337135
0.07809482374165335750
0.05830168871228529753
0.32960179587586069250
0.08240222613090221471
0.23815963687136051941
0.38844995034199830686
0.51114208326275800687
-0.00763481847711302251
-0.04037335442452247292
-0.00611111341071746833
-0.00030283071440530881
-0.00019268824173522333
-0.00007267617524052094
-0.00008628282569286549
0.00000000000000000000
0.00000024571688183347
0.00000290823075619136
0.00000000000000000000
-0.00074101759742438477
-0.00002234875951851098
0.00000000000000000000
0.00000220476432417411
0.00000018378762246026
0.00000000000000000000
0.03391499192642261767
0.00000381706827764413
-0.00011239905571317637
-0.00018946077219389858
-0.00067088061906859435
-0.00114712551222458060
-0.00030283071440530794
-0.00018946077219389912
-0.00067088061906859316
0.00000000000000000000
-0.00000191504456235326
-0.00000110741065436029
0.00000000000000000000
0.00000000000000000000
-0.00000191504456235344
-0.00000275637770098739
0.00000000000000000000
0.00000000000000000000
0.00000381706827764394
0.00000000000000000000
-0.00146355057741843196
-0.00007816398189128923
-0.00007267617524051992
-0.00019268824173522187
-0.00008628282569286945
-0.03046595375507000006
-0.00611111341071747527
-0.00053663178796890896
-0.01242651192735928951
-0.00326483288222307721
-0.00074101759742437273
0.00203821010331218990
-0.00438707012904099736
-0.00075131427296954041
-0.00000343142614812116
-0.00000549334274895162
-0.00002612959788822542
-0.00000752178512860444
0.00000000000000000000
0.00000024571688183353
0.00000000000000000000
0.00000290823075619118
0.12726471095657301835
0.02279267948128528912
0.30052139489842660813
-0.00000110741065436042
0.00000000000000000000
0.23815963687136024185
0.00799702044914090901
0.07816643622054098017
0.03083279025120780684
0.01613196939020482973
0.00799702044914088472
0.07816643622054118834
0.01499432565879215383
0.10796534277846593641
0.00227428584053587703
0.03083279025120784500
0.00909719595264331209
0.00245010084333385477
0.00227428584053587270
0.00245010084333385997
0.00909719595264335545
0.00014312778590136205
0.00013462707388343096
0.00003411755426690808
0.00054272899194967997
0.00038287847889361711
0.00119180670716630762
0.00020359411934306278
0.00034080139497261256
0.00200352383751691314
0.00000314437739637832
0.00001140076998345598
0.00001926990948303362
0.00009989580711623153
0.00463887652853570663
0.00008691488163844602
0.00244594380061198763
0.00000820741304310672
0.00000000000000000000
0.00000039737648615966
-0.00000137215014995217
0.00000000000000000000
0.00054272899194969667
0.00010341110809613304
-0.00000035918808659849
-0.00000286525135450231
0.00000000000000000000
0.00000326569122333565
0.00000568478392978533
0.00000000000000000000
0.00014312778590136084
0.00010341110809612628
-0.00000286525135450192
-0.00000035918808659707
0.00000000000000000000
0.00000000000000000000
0.00000402476602315217
0.00000000000000000000
0.00000000000000000000
0.00000003142942849801
0.16560728139061378639
0.00429600711543164007
0.00716266668372262261
0.03391499192642261074
0.00252426017941978628
0.00006644049980538827
-0.00001167746117601986
0.00012684673904750520
0.00020750060161911764
0.00016755839192792823
0.00036354890503501313
0.00653088268800864138
0.01499432565879224230
0.02283900625107107563
0.04060808434838540648
0.00038287847889359819
0.00119180670716629612
0.00000000000000000000
0.00000568478392978494
0.00000000000000000000
0.00034080139497261527
0.00000326569122333620
0.00013462707388342866
0.00000314437739637809
0.00001140076998345656
0.00003411755426690795
0.00001926990948303317
0.00009989580711622683
0.00001176923580132101
0.00000820741304310562
0.00000000000000000000
-0.00000045635710205052
-0.00000129528072533720
0.00000000000000000000
0.00000000000000000000
0.00000039737648615945
0.00000003142942849817
0.00000000000000000000
0.00000000000000000000
-0.00000286705458632466
0.00000000000000000000
0.00463887652853562336
0.00020750060161911217
0.00006986519751664527
0.00008691488163845212
0.00016755839192793382
0.00004654681583576311
0.00009102480698713275
0.00036354890503501199
0.00043534614693086307
0.00000000000000000000
0.00000081222995995802
0.00000000000000000000
0.00000024797997994832
0.04060808434838542730
0.02283900625107117971
0.00244594380061196812
0.00653088268800862490
0.00007057365556154872
0.00000000000000000000
0.00000102025341380475
0.00000000000000000000
0.00000063942692583610
0.00000031226300061632
0.00001176923580132008
0.00000000000000000000
0.00006986519751665351
-0.00000286705458632611
0.00000024797997994685
0.00000000000000000000
0.00000081222995995852
0.00000000000000000000
0.00000000000000000000
-0.00000137215014995237
0.00000000000000000000
-0.00003040881312197057
-0.00003134461205351797
0.00001079980430564429
0.00000000000000000000
0.00000000000000000000
0.00000000000000000000
0.00000000000000000000
-0.00000045635710205007
-0.00000129528072533670
0.00000000000000000000
0.00000000000000000000
0.00004654681583576344
0.00009102480698713173
0.00043534614693086242
0.00000000000000000000
0.00000000000000000000
-0.00000045807837274869
0.00000000000000000000
0.00000115897157842324
-0.00000890181415534699
0.00000106052774208264
0.00000000000000000000
-0.00002234875951851243
0.00000018378762246050
0.00000135496663560597
0.00000000000000000000
0.00000220476432417437
0.00000000000000000000
0.00007057365556154739
0.00000000000000000000
0.00000031226300061681
0.00000000000000000000
0.00000063942692583595
0.00000102025341380484
0.00000000000000000000
0.00000000000000000000
0.00000000000000000000
0.00000000000000000000
-0.00000017655513831646
0.00000000000000000000
0.00000000000000000000
0.00000000000000000000
-0.00000109350733736999
0.00000009938331436086
-0.00000005562625711803
0.00000000000000000000
0.00000000000000000000
0.00000007688984169808
0.00000000000000000000
-0.00008435764020700380
0.00000017927898350351
-0.00000334595790733601
0.00000000000000000000
0.00000000000000000000
0.00000040743079540412
-0.00133545718231978857
-0.00004679872671279698
-0.00000131637722131316
-0.00000540699171189987
-0.00002121495442886897
-0.00458059587202318437
-0.00013781811214466866
-0.00147506700503759192
-0.00004291212728728825
-0.04981856709657987714
-0.02177389390927200394
-0.00619818684123542123
-0.20447710676807615005
-0.14433758431133275613
-0.05438616487448253572
-0.01189778426178309499
-0.00042370859647747241
-0.00027691082542638252
-0.00091131204386252077
-0.01058531150142104534
-0.00000000000000003813
-0.22379176187013413712
-0.17146220797336542141
-0.00124852359529679892
0.00000000000000004607
-0.07190009912304444473
-0.01662908920647065969
-0.01356249621692866628
-0.05078309394536667520
-0.14356866063516193766
-0.16593776652215738721
0.04981856709657991877
0.07190009912304440309
-0.00000000000000004487
0.17146220797336567121
-0.00000000000000002433
0.05078309394536670296
0.07111567654824024753
